# ib is beta sdel E_final accept_rate ok exit_code
1 1 2.2000000000000002 0 -273 0.51536000000000004 1 0
1 2 2.2000000000000002 0.14999999999999999 -223 0.51114999999999999 1 0
1 3 2.2000000000000002 0.29999999999999999 -238 0.51583000000000001 1 0
1 4 2.2000000000000002 0.44999999999999996 -227 0.52975000000000005 1 0
1 5 2.2000000000000002 0.59999999999999998 -223 0.51022000000000001 1 0
1 6 2.2000000000000002 0.75 -257 0.50680000000000003 1 0
1 7 2.2000000000000002 0.89999999999999991 -252 0.51319000000000004 1 0
1 8 2.2000000000000002 1.05 -216 0.5242 1 0
1 9 2.2000000000000002 1.2 -256 0.52898999999999996 1 0
1 10 2.2000000000000002 1.3499999999999999 -218 0.50714999999999999 1 0
1 11 2.2000000000000002 1.5 -276 0.49691999999999997 1 0
1 12 2.2000000000000002 1.6499999999999999 -237 0.50556000000000001 1 0
1 13 2.2000000000000002 1.7999999999999998 -236 0.50992000000000004 1 0
1 14 2.2000000000000002 1.95 -298 0.52353000000000005 1 0
1 15 2.2000000000000002 2.1000000000000001 -274 0.50692000000000004 1 0
1 16 2.2000000000000002 2.25 -228 0.54001999999999994 1 0
1 17 2.2000000000000002 2.3999999999999999 -228 0.52290999999999999 1 0
1 18 2.2000000000000002 2.5499999999999998 -300 0.50134999999999996 1 0
1 19 2.2000000000000002 2.7000000000000002 -239 0.53000000000000003 1 0
1 20 2.2000000000000002 2.8500000000000001 -279 0.52763000000000004 1 0
1 21 2.2000000000000002 3 -234 0.51151999999999997 1 0
1 22 2.2000000000000002 3.1500000000000004 -263 0.49114999999999998 1 0
1 23 2.2000000000000002 3.2999999999999998 -234 0.54727999999999999 1 0
1 24 2.2000000000000002 3.4500000000000002 -196 0.53139000000000003 1 0
1 25 2.2000000000000002 3.6000000000000001 -221 0.52339999999999998 1 0
1 26 2.2000000000000002 3.75 -247 0.50041000000000002 1 0
1 27 2.2000000000000002 3.8999999999999999 -238 0.52564 1 0
1 28 2.2000000000000002 4.0499999999999998 -243 0.4995 1 0
1 29 2.2000000000000002 4.2000000000000002 -247 0.51917000000000002 1 0
1 30 2.2000000000000002 4.3499999999999996 -224 0.51178000000000001 1 0
1 31 2.2000000000000002 4.5 -260 0.49797000000000002 1 0
2 1 2.4000000000000004 0 -274 0.46048 1 0
2 2 2.4000000000000004 0.14999999999999999 -290 0.48420000000000002 1 0
2 3 2.4000000000000004 0.29999999999999999 -298 0.45982000000000001 1 0
2 4 2.4000000000000004 0.44999999999999996 -310 0.48135 1 0
2 5 2.4000000000000004 0.59999999999999998 -305 0.47522999999999999 1 0
2 6 2.4000000000000004 0.75 -295 0.46157999999999999 1 0
2 7 2.4000000000000004 0.89999999999999991 -290 0.46072999999999997 1 0
2 8 2.4000000000000004 1.05 -255 0.4793 1 0
2 9 2.4000000000000004 1.2 -291 0.47153 1 0
2 10 2.4000000000000004 1.3499999999999999 -293 0.46944999999999998 1 0
2 11 2.4000000000000004 1.5 -252 0.48058000000000001 1 0
2 12 2.4000000000000004 1.6499999999999999 -285 0.46155000000000002 1 0
2 13 2.4000000000000004 1.7999999999999998 -299 0.47144000000000003 1 0
2 14 2.4000000000000004 1.95 -295 0.47675000000000001 1 0
2 15 2.4000000000000004 2.1000000000000001 -265 0.48097000000000001 1 0
2 16 2.4000000000000004 2.25 -253 0.47066999999999998 1 0
2 17 2.4000000000000004 2.3999999999999999 -277 0.50146999999999997 1 0
2 18 2.4000000000000004 2.5499999999999998 -283 0.45290000000000002 1 0
2 19 2.4000000000000004 2.7000000000000002 -249 0.47387000000000001 1 0
2 20 2.4000000000000004 2.8500000000000001 -289 0.46698000000000001 1 0
2 21 2.4000000000000004 3 -272 0.46586 1 0
2 22 2.4000000000000004 3.1500000000000004 -268 0.48981999999999998 1 0
2 23 2.4000000000000004 3.2999999999999998 -285 0.47088999999999998 1 0
2 24 2.4000000000000004 3.4500000000000002 -282 0.46683000000000002 1 0
2 25 2.4000000000000004 3.6000000000000001 -271 0.47781000000000001 1 0
2 26 2.4000000000000004 3.75 -300 0.46372000000000002 1 0
2 27 2.4000000000000004 3.8999999999999999 -265 0.49136999999999997 1 0
2 28 2.4000000000000004 4.0499999999999998 -290 0.45418999999999998 1 0
2 29 2.4000000000000004 4.2000000000000002 -253 0.47582000000000002 1 0
2 30 2.4000000000000004 4.3499999999999996 -309 0.47688999999999998 1 0
2 31 2.4000000000000004 4.5 NaN NaN 0 2000
3 1 2.6000000000000001 0 -336 0.4632 1 0
3 2 2.6000000000000001 0.14999999999999999 -283 0.44350000000000001 1 0
3 3 2.6000000000000001 0.29999999999999999 -302 0.44052000000000002 1 0
3 4 2.6000000000000001 0.44999999999999996 -299 0.43198999999999999 1 0
3 5 2.6000000000000001 0.59999999999999998 -290 0.43876999999999999 1 0
3 6 2.6000000000000001 0.75 -283 0.44081999999999999 1 0
3 7 2.6000000000000001 0.89999999999999991 -282 0.43675000000000003 1 0
3 8 2.6000000000000001 1.05 -317 0.41775000000000001 1 0
3 9 2.6000000000000001 1.2 -258 0.45662999999999998 1 0
3 10 2.6000000000000001 1.3499999999999999 -298 0.43591999999999997 1 0
3 11 2.6000000000000001 1.5 -282 0.44663000000000003 1 0
3 12 2.6000000000000001 1.6499999999999999 -270 0.44746999999999998 1 0
3 13 2.6000000000000001 1.7999999999999998 -303 0.45339000000000002 1 0
3 14 2.6000000000000001 1.95 -325 0.40226000000000001 1 0
3 15 2.6000000000000001 2.1000000000000001 -260 0.43880999999999998 1 0
3 16 2.6000000000000001 2.25 -264 0.43522 1 0
3 17 2.6000000000000001 2.3999999999999999 -325 0.43670999999999999 1 0
3 18 2.6000000000000001 2.5499999999999998 -282 0.42799999999999999 1 0
3 19 2.6000000000000001 2.7000000000000002 -312 0.41760000000000003 1 0
3 20 2.6000000000000001 2.8500000000000001 -271 0.44596999999999998 1 0
3 21 2.6000000000000001 3 -286 0.44037999999999999 1 0
3 22 2.6000000000000001 3.1500000000000004 -282 0.45632 1 0
3 23 2.6000000000000001 3.2999999999999998 -276 0.42143999999999998 1 0
3 24 2.6000000000000001 3.4500000000000002 -291 0.42337000000000002 1 0
3 25 2.6000000000000001 3.6000000000000001 -307 0.42430000000000001 1 0
3 26 2.6000000000000001 3.75 -324 0.45068000000000003 1 0
3 27 2.6000000000000001 3.8999999999999999 -280 0.44033 1 0
3 28 2.6000000000000001 4.0499999999999998 -312 0.44108000000000003 1 0
3 29 2.6000000000000001 4.2000000000000002 -286 0.43659999999999999 1 0
3 30 2.6000000000000001 4.3499999999999996 -297 0.41833999999999999 1 0
3 31 2.6000000000000001 4.5 -320 0.43397999999999998 1 0
4 1 2.8000000000000003 0 -329 0.39434999999999998 1 0
4 2 2.8000000000000003 0.14999999999999999 -297 0.40383000000000002 1 0
4 3 2.8000000000000003 0.29999999999999999 -307 0.41310000000000002 1 0
4 4 2.8000000000000003 0.44999999999999996 -361 0.39471000000000001 1 0
4 5 2.8000000000000003 0.59999999999999998 -336 0.40939999999999999 1 0
4 6 2.8000000000000003 0.75 -314 0.40371000000000001 1 0
4 7 2.8000000000000003 0.89999999999999991 -282 0.39728999999999998 1 0
4 8 2.8000000000000003 1.05 -329 0.40850999999999998 1 0
4 9 2.8000000000000003 1.2 -317 0.41163 1 0
4 10 2.8000000000000003 1.3499999999999999 -318 0.39512000000000003 1 0
4 11 2.8000000000000003 1.5 -330 0.42011999999999999 1 0
4 12 2.8000000000000003 1.6499999999999999 -335 0.41627999999999998 1 0
4 13 2.8000000000000003 1.7999999999999998 -339 0.38351000000000002 1 0
4 14 2.8000000000000003 1.95 -350 0.38869999999999999 1 0
4 15 2.8000000000000003 2.1000000000000001 -265 0.41397 1 0
4 16 2.8000000000000003 2.25 -297 0.41286 1 0
4 17 2.8000000000000003 2.3999999999999999 -330 0.43608999999999998 1 0
4 18 2.8000000000000003 2.5499999999999998 -306 0.39268999999999998 1 0
4 19 2.8000000000000003 2.7000000000000002 -277 0.39757999999999999 1 0
4 20 2.8000000000000003 2.8500000000000001 -278 0.41256999999999999 1 0
4 21 2.8000000000000003 3 -340 0.38128000000000001 1 0
4 22 2.8000000000000003 3.1500000000000004 -334 0.42782999999999999 1 0
4 23 2.8000000000000003 3.2999999999999998 -309 0.4143 1 0
4 24 2.8000000000000003 3.4500000000000002 -329 0.39087 1 0
4 25 2.8000000000000003 3.6000000000000001 -274 0.40472000000000002 1 0
4 26 2.8000000000000003 3.75 -311 0.41608000000000001 1 0
4 27 2.8000000000000003 3.8999999999999999 -317 0.4088 1 0
4 28 2.8000000000000003 4.0499999999999998 -289 0.39268999999999998 1 0
4 29 2.8000000000000003 4.2000000000000002 -293 0.39650999999999997 1 0
4 30 2.8000000000000003 4.3499999999999996 -300 0.38407999999999998 1 0
4 31 2.8000000000000003 4.5 -296 0.41589999999999999 1 0
5 1 3 0 -331 0.39039000000000001 1 0
5 2 3 0.14999999999999999 -332 0.36724000000000001 1 0
5 3 3 0.29999999999999999 -345 0.36751 1 0
5 4 3 0.44999999999999996 -326 0.37337999999999999 1 0
5 5 3 0.59999999999999998 -324 0.37959999999999999 1 0
5 6 3 0.75 -324 0.37874000000000002 1 0
5 7 3 0.89999999999999991 -377 0.38329000000000002 1 0
5 8 3 1.05 -332 0.39729999999999999 1 0
5 9 3 1.2 -285 0.38751999999999998 1 0
5 10 3 1.3499999999999999 -319 0.35981999999999997 1 0
5 11 3 1.5 -279 0.39019999999999999 1 0
5 12 3 1.6499999999999999 -285 0.37028 1 0
5 13 3 1.7999999999999998 -363 0.38335999999999998 1 0
5 14 3 1.95 -322 0.38120999999999999 1 0
5 15 3 2.1000000000000001 -336 0.36884 1 0
5 16 3 2.25 -330 0.36527999999999999 1 0
5 17 3 2.3999999999999999 -340 0.39348 1 0
5 18 3 2.5499999999999998 -315 0.38313999999999998 1 0
5 19 3 2.7000000000000002 -342 0.37198999999999999 1 0
5 20 3 2.8500000000000001 -351 0.37425000000000003 1 0
5 21 3 3 -280 0.36947999999999998 1 0
5 22 3 3.1500000000000004 -329 0.35381000000000001 1 0
5 23 3 3.2999999999999998 -325 0.39499000000000001 1 0
5 24 3 3.4500000000000002 -371 0.35193000000000002 1 0
5 25 3 3.6000000000000001 -355 0.35892000000000002 1 0
5 26 3 3.75 -333 0.37841000000000002 1 0
5 27 3 3.8999999999999999 -356 0.41155999999999998 1 0
5 28 3 4.0499999999999998 -310 0.37796999999999997 1 0
5 29 3 4.2000000000000002 -284 0.38338 1 0
5 30 3 4.3499999999999996 -345 0.38401000000000002 1 0
5 31 3 4.5 -314 0.37286000000000002 1 0
6 1 3.2000000000000002 0 -366 0.34433000000000002 1 0
6 2 3.2000000000000002 0.14999999999999999 -351 0.33718999999999999 1 0
6 3 3.2000000000000002 0.29999999999999999 -297 0.34913 1 0
6 4 3.2000000000000002 0.44999999999999996 -364 0.36263000000000001 1 0
6 5 3.2000000000000002 0.59999999999999998 -355 0.33517000000000002 1 0
6 6 3.2000000000000002 0.75 -338 0.35786000000000001 1 0
6 7 3.2000000000000002 0.89999999999999991 -347 0.33461999999999997 1 0
6 8 3.2000000000000002 1.05 -314 0.35053000000000001 1 0
6 9 3.2000000000000002 1.2 -329 0.36441000000000001 1 0
6 10 3.2000000000000002 1.3499999999999999 -318 0.35256999999999999 1 0
6 11 3.2000000000000002 1.5 -324 0.37326999999999999 1 0
6 12 3.2000000000000002 1.6499999999999999 -360 0.36675999999999997 1 0
6 13 3.2000000000000002 1.7999999999999998 -342 0.35004000000000002 1 0
6 14 3.2000000000000002 1.95 -335 0.34016000000000002 1 0
6 15 3.2000000000000002 2.1000000000000001 -344 0.34057999999999999 1 0
6 16 3.2000000000000002 2.25 -346 0.32871 1 0
6 17 3.2000000000000002 2.3999999999999999 -340 0.33727000000000001 1 0
6 18 3.2000000000000002 2.5499999999999998 -304 0.36676999999999998 1 0
6 19 3.2000000000000002 2.7000000000000002 -311 0.34698000000000001 1 0
6 20 3.2000000000000002 2.8500000000000001 -331 0.34699999999999998 1 0
6 21 3.2000000000000002 3 -374 0.36870000000000003 1 0
6 22 3.2000000000000002 3.1500000000000004 -344 0.33955999999999997 1 0
6 23 3.2000000000000002 3.2999999999999998 -347 0.36940000000000001 1 0
6 24 3.2000000000000002 3.4500000000000002 -341 0.34148000000000001 1 0
6 25 3.2000000000000002 3.6000000000000001 -348 0.34505000000000002 1 0
6 26 3.2000000000000002 3.75 -350 0.34963 1 0
6 27 3.2000000000000002 3.8999999999999999 -316 0.35715000000000002 1 0
6 28 3.2000000000000002 4.0499999999999998 -338 0.35344999999999999 1 0
6 29 3.2000000000000002 4.2000000000000002 -353 0.34127999999999997 1 0
6 30 3.2000000000000002 4.3499999999999996 -301 0.35822999999999999 1 0
6 31 3.2000000000000002 4.5 -356 0.34728999999999999 1 0
7 1 3.3999999999999999 0 -379 0.32696999999999998 1 0
7 2 3.3999999999999999 0.14999999999999999 -360 0.31052000000000002 1 0
7 3 3.3999999999999999 0.29999999999999999 -332 0.35287000000000002 1 0
7 4 3.3999999999999999 0.44999999999999996 -368 0.33133000000000001 1 0
7 5 3.3999999999999999 0.59999999999999998 -358 0.31387999999999999 1 0
7 6 3.3999999999999999 0.75 -356 0.31461 1 0
7 7 3.3999999999999999 0.89999999999999991 -365 0.35091 1 0
7 8 3.3999999999999999 1.05 -342 0.31974999999999998 1 0
7 9 3.3999999999999999 1.2 -312 0.3362 1 0
7 10 3.3999999999999999 1.3499999999999999 -324 0.33437 1 0
7 11 3.3999999999999999 1.5 -322 0.30325000000000002 1 0
7 12 3.3999999999999999 1.6499999999999999 -361 0.37045 1 0
7 13 3.3999999999999999 1.7999999999999998 -357 0.33146999999999999 1 0
7 14 3.3999999999999999 1.95 -324 0.32990999999999998 1 0
7 15 3.3999999999999999 2.1000000000000001 -350 0.32934999999999998 1 0
7 16 3.3999999999999999 2.25 -344 0.33289000000000002 1 0
7 17 3.3999999999999999 2.3999999999999999 -325 0.35132999999999998 1 0
7 18 3.3999999999999999 2.5499999999999998 -358 0.31202999999999997 1 0
7 19 3.3999999999999999 2.7000000000000002 -329 0.33550999999999997 1 0
7 20 3.3999999999999999 2.8500000000000001 -359 0.32815 1 0
7 21 3.3999999999999999 3 -367 0.30841000000000002 1 0
7 22 3.3999999999999999 3.1500000000000004 -322 0.3226 1 0
7 23 3.3999999999999999 3.2999999999999998 -332 0.32519999999999999 1 0
7 24 3.3999999999999999 3.4500000000000002 -349 0.32680999999999999 1 0
7 25 3.3999999999999999 3.6000000000000001 -336 0.30298999999999998 1 0
7 26 3.3999999999999999 3.75 -325 0.32683000000000001 1 0
7 27 3.3999999999999999 3.8999999999999999 -376 0.31694 1 0
7 28 3.3999999999999999 4.0499999999999998 -299 0.33118999999999998 1 0
7 29 3.3999999999999999 4.2000000000000002 -345 0.33871000000000001 1 0
7 30 3.3999999999999999 4.3499999999999996 -361 0.33067999999999997 1 0
7 31 3.3999999999999999 4.5 -348 0.32424999999999998 1 0
8 1 3.6000000000000001 0 -391 0.31719999999999998 1 0
8 2 3.6000000000000001 0.14999999999999999 -389 0.32430999999999999 1 0
8 3 3.6000000000000001 0.29999999999999999 -359 0.29980000000000001 1 0
8 4 3.6000000000000001 0.44999999999999996 -374 0.30093999999999999 1 0
8 5 3.6000000000000001 0.59999999999999998 -354 0.32595000000000002 1 0
8 6 3.6000000000000001 0.75 -333 0.31857999999999997 1 0
8 7 3.6000000000000001 0.89999999999999991 -380 0.32638 1 0
8 8 3.6000000000000001 1.05 -343 0.30599999999999999 1 0
8 9 3.6000000000000001 1.2 -333 0.30619000000000002 1 0
8 10 3.6000000000000001 1.3499999999999999 -362 0.32335999999999998 1 0
8 11 3.6000000000000001 1.5 -370 0.31859999999999999 1 0
8 12 3.6000000000000001 1.6499999999999999 -345 0.29783999999999999 1 0
8 13 3.6000000000000001 1.7999999999999998 -350 0.31113000000000002 1 0
8 14 3.6000000000000001 1.95 -344 0.30831999999999998 1 0
8 15 3.6000000000000001 2.1000000000000001 -355 0.3251 1 0
8 16 3.6000000000000001 2.25 -327 0.30798999999999999 1 0
8 17 3.6000000000000001 2.3999999999999999 -320 0.32199 1 0
8 18 3.6000000000000001 2.5499999999999998 -365 0.32296000000000002 1 0
8 19 3.6000000000000001 2.7000000000000002 -389 0.33248 1 0
8 20 3.6000000000000001 2.8500000000000001 -327 0.32529000000000002 1 0
8 21 3.6000000000000001 3 -381 0.30220999999999998 1 0
8 22 3.6000000000000001 3.1500000000000004 -360 0.30680000000000002 1 0
8 23 3.6000000000000001 3.2999999999999998 -361 0.28881000000000001 1 0
8 24 3.6000000000000001 3.4500000000000002 -343 0.30155999999999999 1 0
8 25 3.6000000000000001 3.6000000000000001 -369 0.29457 1 0
8 26 3.6000000000000001 3.75 -365 0.29731999999999997 1 0
8 27 3.6000000000000001 3.8999999999999999 -384 0.31414999999999998 1 0
8 28 3.6000000000000001 4.0499999999999998 -347 0.29331000000000002 1 0
8 29 3.6000000000000001 4.2000000000000002 -339 0.30101 1 0
8 30 3.6000000000000001 4.3499999999999996 -386 0.30055999999999999 1 0
8 31 3.6000000000000001 4.5 -344 0.29715000000000003 1 0
9 1 3.7999999999999998 0 -394 0.28092 1 0
9 2 3.7999999999999998 0.14999999999999999 -389 0.29941000000000001 1 0
9 3 3.7999999999999998 0.29999999999999999 -425 0.30370000000000003 1 0
9 4 3.7999999999999998 0.44999999999999996 -350 0.31170999999999999 1 0
9 5 3.7999999999999998 0.59999999999999998 -362 0.30206 1 0
9 6 3.7999999999999998 0.75 -375 0.31624999999999998 1 0
9 7 3.7999999999999998 0.89999999999999991 -347 0.30843999999999999 1 0
9 8 3.7999999999999998 1.05 -351 0.29842000000000002 1 0
9 9 3.7999999999999998 1.2 -362 0.29422999999999999 1 0
9 10 3.7999999999999998 1.3499999999999999 -300 0.30715999999999999 1 0
9 11 3.7999999999999998 1.5 -329 0.30063000000000001 1 0
9 12 3.7999999999999998 1.6499999999999999 -348 0.30048000000000002 1 0
9 13 3.7999999999999998 1.7999999999999998 -351 0.29226000000000002 1 0
9 14 3.7999999999999998 1.95 -361 0.28706999999999999 1 0
9 15 3.7999999999999998 2.1000000000000001 -369 0.30417 1 0
9 16 3.7999999999999998 2.25 -379 0.27897 1 0
9 17 3.7999999999999998 2.3999999999999999 -351 0.31856000000000001 1 0
9 18 3.7999999999999998 2.5499999999999998 -341 0.27400000000000002 1 0
9 19 3.7999999999999998 2.7000000000000002 -363 0.31888 1 0
9 20 3.7999999999999998 2.8500000000000001 -333 0.31286999999999998 1 0
9 21 3.7999999999999998 3 -340 0.28681000000000001 1 0
9 22 3.7999999999999998 3.1500000000000004 -328 0.30044999999999999 1 0
9 23 3.7999999999999998 3.2999999999999998 -365 0.29260999999999998 1 0
9 24 3.7999999999999998 3.4500000000000002 -348 0.29293000000000002 1 0
9 25 3.7999999999999998 3.6000000000000001 -331 0.28715000000000002 1 0
9 26 3.7999999999999998 3.75 -360 0.28459000000000001 1 0
9 27 3.7999999999999998 3.8999999999999999 -337 0.30723 1 0
9 28 3.7999999999999998 4.0499999999999998 -353 0.28275 1 0
9 29 3.7999999999999998 4.2000000000000002 -348 0.28971999999999998 1 0
9 30 3.7999999999999998 4.3499999999999996 -387 0.28488999999999998 1 0
9 31 3.7999999999999998 4.5 -349 0.31180000000000002 1 0
10 1 4 0 -374 0.29374 1 0
10 2 4 0.14999999999999999 -423 0.31664999999999999 1 0
10 3 4 0.29999999999999999 -369 0.28610000000000002 1 0
10 4 4 0.44999999999999996 -411 0.30497000000000002 1 0
10 5 4 0.59999999999999998 -391 0.30159999999999998 1 0
10 6 4 0.75 -363 0.27234999999999998 1 0
10 7 4 0.89999999999999991 -353 0.27323999999999998 1 0
10 8 4 1.05 -323 0.28358 1 0
10 9 4 1.2 -373 0.28383000000000003 1 0
10 10 4 1.3499999999999999 -378 0.27244000000000002 1 0
10 11 4 1.5 -382 0.30091000000000001 1 0
10 12 4 1.6499999999999999 -347 0.27705999999999997 1 0
10 13 4 1.7999999999999998 -341 0.29026000000000002 1 0
10 14 4 1.95 -328 0.28999000000000003 1 0
10 15 4 2.1000000000000001 -369 0.28312999999999999 1 0
10 16 4 2.25 -342 0.29454999999999998 1 0
10 17 4 2.3999999999999999 -361 0.29691000000000001 1 0
10 18 4 2.5499999999999998 -370 0.27150000000000002 1 0
10 19 4 2.7000000000000002 -328 0.29036000000000001 1 0
10 20 4 2.8500000000000001 -363 0.27600999999999998 1 0
10 21 4 3 -354 0.27759 1 0
10 22 4 3.1500000000000004 -334 0.27127000000000001 1 0
10 23 4 3.2999999999999998 -359 0.27734999999999999 1 0
10 24 4 3.4500000000000002 -366 0.29294999999999999 1 0
10 25 4 3.6000000000000001 -330 0.28817999999999999 1 0
10 26 4 3.75 -353 0.28376000000000001 1 0
10 27 4 3.8999999999999999 -350 0.28573999999999999 1 0
10 28 4 4.0499999999999998 -379 0.28491 1 0
10 29 4 4.2000000000000002 -336 0.27604000000000001 1 0
10 30 4 4.3499999999999996 -332 0.29061999999999999 1 0
10 31 4 4.5 NaN NaN 0 2000
