# ib is beta sdel E_final accept_rate ok exit_code
1 1 2.5 0 -347 0.41454000000000002 1 0
1 2 2.5 0.90000000000000002 -328 0.41608800000000001 1 0
1 3 2.5 1.8 -335 0.41759400000000002 1 0
1 4 2.5 2.7000000000000002 -326 0.41517599999999999 1 0
1 5 2.5 3.6000000000000001 -337 0.41031899999999999 1 0
1 6 2.5 4.5 -324 0.41324 1 0
2 1 3 0 -395 0.34964400000000001 1 0
2 2 3 0.90000000000000002 -404 0.346634 1 0
2 3 3 1.8 -403 0.33466800000000002 1 0
2 4 3 2.7000000000000002 -365 0.33501700000000001 1 0
2 5 3 3.6000000000000001 -381 0.330127 1 0
2 6 3 4.5 -377 0.335289 1 0
3 1 3.5 0 -402 0.29511100000000001 1 0
3 2 3.5 0.90000000000000002 -395 0.29502899999999999 1 0
3 3 3.5 1.8 -417 0.293711 1 0
3 4 3.5 2.7000000000000002 -395 0.29287000000000002 1 0
3 5 3.5 3.6000000000000001 -407 0.29957699999999998 1 0
3 6 3.5 4.5 -412 0.295543 1 0
4 1 4 0 -427 0.24426899999999999 1 0
4 2 4 0.90000000000000002 -443 0.26815800000000001 1 0
4 3 4 1.8 -433 0.253079 1 0
4 4 4 2.7000000000000002 -416 0.245616 1 0
4 5 4 3.6000000000000001 -415 0.251357 1 0
4 6 4 4.5 -437 0.265289 1 0
