# ib is beta sdel E_final accept_rate ok exit_code
1 1 4.5 0 -460 0.23925299999999999 1 0
1 2 4.5 0.90000000000000002 -438 0.22587699999999999 1 0
1 3 4.5 1.8 -434 0.20527300000000001 1 0
1 4 4.5 2.7000000000000002 -458 0.21984400000000001 1 0
1 5 4.5 3.6000000000000001 -456 0.21538099999999999 1 0
1 6 4.5 4.5 -458 0.222859 1 0
2 1 5 0 -455 0.21406600000000001 1 0
2 2 5 0.90000000000000002 -472 0.20893900000000001 1 0
2 3 5 1.8 -464 0.226461 1 0
2 4 5 2.7000000000000002 -448 0.193906 1 0
2 5 5 3.6000000000000001 -433 0.19797899999999999 1 0
2 6 5 4.5 -449 0.186472 1 0
3 1 5.5 0 -464 0.20429700000000001 1 0
3 2 5.5 0.90000000000000002 -455 0.198048 1 0
3 3 5.5 1.8 -471 0.20091999999999999 1 0
3 4 5.5 2.7000000000000002 -437 0.19082299999999999 1 0
3 5 5.5 3.6000000000000001 -447 0.17960799999999999 1 0
3 6 5.5 4.5 -456 0.18748400000000001 1 0
4 1 6 0 -470 0.193383 1 0
4 2 6 0.90000000000000002 -459 0.183806 1 0
4 3 6 1.8 -433 0.16978099999999999 1 0
4 4 6 2.7000000000000002 -477 0.16270999999999999 1 0
4 5 6 3.6000000000000001 -435 0.16922499999999999 1 0
4 6 6 4.5 -444 0.15213299999999999 1 0
