# ib is beta sdel E_final accept_rate ok exit_code
1 1 0 0 -15 1 1 0
1 2 0 0.90000000000000002 -20 1 1 0
1 3 0 1.8 -12 1 1 0
1 4 0 2.7000000000000002 -11 1 1 0
1 5 0 3.6000000000000001 -21 1 1 0
1 6 0 4.5 -15 1 1 0
2 1 0.5 0 -21 0.94184199999999996 1 0
2 2 0.5 0.90000000000000002 -21 0.94011100000000003 1 0
2 3 0.5 1.8 -18 0.93884199999999995 1 0
2 4 0.5 2.7000000000000002 -33 0.93795099999999998 1 0
2 5 0.5 3.6000000000000001 -28 0.94055100000000003 1 0
2 6 0.5 4.5 -27 0.93752199999999997 1 0
3 1 1 0 -46 0.84608499999999998 1 0
3 2 1 0.90000000000000002 -37 0.85809199999999997 1 0
3 3 1 1.8 -41 0.85334100000000002 1 0
3 4 1 2.7000000000000002 -30 0.85140300000000002 1 0
3 5 1 3.6000000000000001 -30 0.86176299999999995 1 0
3 6 1 4.5 -44 0.85271799999999998 1 0
4 1 1.5 0 -102 0.709476 1 0
4 2 1.5 0.90000000000000002 -89 0.73579600000000001 1 0
4 3 1.5 1.8 -95 0.72559799999999997 1 0
4 4 1.5 2.7000000000000002 -98 0.72063100000000002 1 0
4 5 1.5 3.6000000000000001 -81 0.71545800000000004 1 0
4 6 1.5 4.5 -83 0.71219299999999996 1 0
5 1 2 0 -245 0.52341700000000002 1 0
5 2 2 0.90000000000000002 -256 0.54021200000000003 1 0
5 3 2 1.8 -272 0.53683199999999998 1 0
5 4 2 2.7000000000000002 -193 0.54515499999999995 1 0
5 5 2 3.6000000000000001 -258 0.53523799999999999 1 0
5 6 2 4.5 -212 0.548238 1 0
