# ib is beta sdel E_final accept_rate ok exit_code
1 1 4.2000000000000002 0 -391 0.28225 1 0
1 2 4.2000000000000002 0.14999999999999999 -399 0.28800999999999999 1 0
1 3 4.2000000000000002 0.29999999999999999 -384 0.28267999999999999 1 0
1 4 4.2000000000000002 0.44999999999999996 -401 0.26956999999999998 1 0
1 5 4.2000000000000002 0.59999999999999998 -368 0.26672000000000001 1 0
1 6 4.2000000000000002 0.75 -359 0.28337000000000001 1 0
1 7 4.2000000000000002 0.89999999999999991 -339 0.26695000000000002 1 0
1 8 4.2000000000000002 1.05 -346 0.28245999999999999 1 0
1 9 4.2000000000000002 1.2 -353 0.27409 1 0
1 10 4.2000000000000002 1.3499999999999999 -349 0.27183000000000002 1 0
1 11 4.2000000000000002 1.5 -346 0.27211000000000002 1 0
1 12 4.2000000000000002 1.6499999999999999 -379 0.28294999999999998 1 0
1 13 4.2000000000000002 1.7999999999999998 -339 0.26311000000000001 1 0
1 14 4.2000000000000002 1.95 -395 0.27334999999999998 1 0
1 15 4.2000000000000002 2.1000000000000001 -424 0.29902000000000001 1 0
1 16 4.2000000000000002 2.25 -345 0.29837999999999998 1 0
1 17 4.2000000000000002 2.3999999999999999 -367 0.27540999999999999 1 0
1 18 4.2000000000000002 2.5499999999999998 -366 0.2772 1 0
1 19 4.2000000000000002 2.7000000000000002 -368 0.27659 1 0
1 20 4.2000000000000002 2.8500000000000001 -350 0.25992999999999999 1 0
1 21 4.2000000000000002 3 -376 0.27622999999999998 1 0
1 22 4.2000000000000002 3.1500000000000004 -373 0.25625999999999999 1 0
1 23 4.2000000000000002 3.2999999999999998 -360 0.28331000000000001 1 0
1 24 4.2000000000000002 3.4500000000000002 -362 0.28153 1 0
1 25 4.2000000000000002 3.6000000000000001 -367 0.28364 1 0
1 26 4.2000000000000002 3.75 -382 0.26962999999999998 1 0
1 27 4.2000000000000002 3.8999999999999999 -390 0.25436999999999999 1 0
1 28 4.2000000000000002 4.0499999999999998 -389 0.27060000000000001 1 0
1 29 4.2000000000000002 4.2000000000000002 -387 0.27163999999999999 1 0
1 30 4.2000000000000002 4.3499999999999996 -367 0.25496999999999997 1 0
1 31 4.2000000000000002 4.5 -356 0.26289000000000001 1 0
2 1 4.4000000000000004 0 -402 0.27278000000000002 1 0
2 2 4.4000000000000004 0.14999999999999999 -404 0.27683999999999997 1 0
2 3 4.4000000000000004 0.29999999999999999 -371 0.27059 1 0
2 4 4.4000000000000004 0.44999999999999996 -370 0.26393 1 0
2 5 4.4000000000000004 0.59999999999999998 -403 0.26611000000000001 1 0
2 6 4.4000000000000004 0.75 -381 0.26291999999999999 1 0
2 7 4.4000000000000004 0.89999999999999991 -344 0.27001999999999998 1 0
2 8 4.4000000000000004 1.05 -340 0.26223000000000002 1 0
2 9 4.4000000000000004 1.2 -386 0.26606000000000002 1 0
2 10 4.4000000000000004 1.3499999999999999 -324 0.26296000000000003 1 0
2 11 4.4000000000000004 1.5 -330 0.28691 1 0
2 12 4.4000000000000004 1.6499999999999999 -363 0.27883000000000002 1 0
2 13 4.4000000000000004 1.7999999999999998 -395 0.27081 1 0
2 14 4.4000000000000004 1.95 -354 0.26186999999999999 1 0
2 15 4.4000000000000004 2.1000000000000001 -360 0.26018000000000002 1 0
2 16 4.4000000000000004 2.25 -392 0.26802999999999999 1 0
2 17 4.4000000000000004 2.3999999999999999 -374 0.28571000000000002 1 0
2 18 4.4000000000000004 2.5499999999999998 -390 0.26712000000000002 1 0
2 19 4.4000000000000004 2.7000000000000002 -371 0.25741000000000003 1 0
2 20 4.4000000000000004 2.8500000000000001 -362 0.27002999999999999 1 0
2 21 4.4000000000000004 3 -384 0.27460000000000001 1 0
2 22 4.4000000000000004 3.1500000000000004 -415 0.27237 1 0
2 23 4.4000000000000004 3.2999999999999998 -345 0.26232 1 0
2 24 4.4000000000000004 3.4500000000000002 -355 0.26917999999999997 1 0
2 25 4.4000000000000004 3.6000000000000001 -336 0.26072000000000001 1 0
2 26 4.4000000000000004 3.75 -384 0.25391999999999998 1 0
2 27 4.4000000000000004 3.8999999999999999 -361 0.26597999999999999 1 0
2 28 4.4000000000000004 4.0499999999999998 -375 0.27131 1 0
2 29 4.4000000000000004 4.2000000000000002 -364 0.25694 1 0
2 30 4.4000000000000004 4.3499999999999996 -354 0.25940999999999997 1 0
2 31 4.4000000000000004 4.5 NaN NaN 0 2000
3 1 4.6000000000000005 0 -440 0.27921000000000001 1 0
3 2 4.6000000000000005 0.14999999999999999 -395 0.26676 1 0
3 3 4.6000000000000005 0.29999999999999999 -401 0.26979999999999998 1 0
3 4 4.6000000000000005 0.44999999999999996 -379 0.27245999999999998 1 0
3 5 4.6000000000000005 0.59999999999999998 -348 0.24970999999999999 1 0
3 6 4.6000000000000005 0.75 -357 0.24357999999999999 1 0
3 7 4.6000000000000005 0.89999999999999991 -372 0.25191000000000002 1 0
3 8 4.6000000000000005 1.05 -381 0.2903 1 0
3 9 4.6000000000000005 1.2 -351 0.25441000000000003 1 0
3 10 4.6000000000000005 1.3499999999999999 -343 0.26455000000000001 1 0
3 11 4.6000000000000005 1.5 -386 0.27167000000000002 1 0
3 12 4.6000000000000005 1.6499999999999999 -371 0.26351000000000002 1 0
3 13 4.6000000000000005 1.7999999999999998 -361 0.24823000000000001 1 0
3 14 4.6000000000000005 1.95 -372 0.25141000000000002 1 0
3 15 4.6000000000000005 2.1000000000000001 -331 0.25802000000000003 1 0
3 16 4.6000000000000005 2.25 -386 0.26902999999999999 1 0
3 17 4.6000000000000005 2.3999999999999999 -396 0.251 1 0
3 18 4.6000000000000005 2.5499999999999998 -345 0.26452999999999999 1 0
3 19 4.6000000000000005 2.7000000000000002 -349 0.25195000000000001 1 0
3 20 4.6000000000000005 2.8500000000000001 -393 0.27472999999999997 1 0
3 21 4.6000000000000005 3 -354 0.24306 1 0
3 22 4.6000000000000005 3.1500000000000004 -322 0.24668999999999999 1 0
3 23 4.6000000000000005 3.2999999999999998 -347 0.25141999999999998 1 0
3 24 4.6000000000000005 3.4500000000000002 -382 0.25268000000000002 1 0
3 25 4.6000000000000005 3.6000000000000001 -346 0.25741999999999998 1 0
3 26 4.6000000000000005 3.75 -384 0.25622 1 0
3 27 4.6000000000000005 3.8999999999999999 -384 0.24723999999999999 1 0
3 28 4.6000000000000005 4.0499999999999998 -350 0.25557999999999997 1 0
3 29 4.6000000000000005 4.2000000000000002 -343 0.25335999999999997 1 0
3 30 4.6000000000000005 4.3499999999999996 -369 0.24537 1 0
3 31 4.6000000000000005 4.5 -359 0.24595 1 0
4 1 4.8000000000000007 0 -401 0.25770999999999999 1 0
4 2 4.8000000000000007 0.14999999999999999 -380 0.26745000000000002 1 0
4 3 4.8000000000000007 0.29999999999999999 -416 0.25051000000000001 1 0
4 4 4.8000000000000007 0.44999999999999996 -412 0.25803999999999999 1 0
4 5 4.8000000000000007 0.59999999999999998 -392 0.26324999999999998 1 0
4 6 4.8000000000000007 0.75 -373 0.24540000000000001 1 0
4 7 4.8000000000000007 0.89999999999999991 -351 0.25184000000000001 1 0
4 8 4.8000000000000007 1.05 -368 0.25614999999999999 1 0
4 9 4.8000000000000007 1.2 -376 0.24388000000000001 1 0
4 10 4.8000000000000007 1.3499999999999999 -366 0.23788999999999999 1 0
4 11 4.8000000000000007 1.5 -375 0.25311 1 0
4 12 4.8000000000000007 1.6499999999999999 -356 0.24993000000000001 1 0
4 13 4.8000000000000007 1.7999999999999998 -379 0.25141000000000002 1 0
4 14 4.8000000000000007 1.95 -348 0.25074000000000002 1 0
4 15 4.8000000000000007 2.1000000000000001 -382 0.25557000000000002 1 0
4 16 4.8000000000000007 2.25 -337 0.25224000000000002 1 0
4 17 4.8000000000000007 2.3999999999999999 -344 0.26619999999999999 1 0
4 18 4.8000000000000007 2.5499999999999998 -363 0.25480000000000003 1 0
4 19 4.8000000000000007 2.7000000000000002 -347 0.26758999999999999 1 0
4 20 4.8000000000000007 2.8500000000000001 -361 0.24504000000000001 1 0
4 21 4.8000000000000007 3 -354 0.23918 1 0
4 22 4.8000000000000007 3.1500000000000004 -361 0.23801 1 0
4 23 4.8000000000000007 3.2999999999999998 -365 0.24107999999999999 1 0
4 24 4.8000000000000007 3.4500000000000002 -344 0.24257999999999999 1 0
4 25 4.8000000000000007 3.6000000000000001 -347 0.2525 1 0
4 26 4.8000000000000007 3.75 -368 0.26188 1 0
4 27 4.8000000000000007 3.8999999999999999 -363 0.26399 1 0
4 28 4.8000000000000007 4.0499999999999998 -371 0.25513000000000002 1 0
4 29 4.8000000000000007 4.2000000000000002 -344 0.24762000000000001 1 0
4 30 4.8000000000000007 4.3499999999999996 -348 0.23724999999999999 1 0
4 31 4.8000000000000007 4.5 -342 0.25039 1 0
5 1 5 0 -387 0.25745000000000001 1 0
5 2 5 0.14999999999999999 -406 0.25685999999999998 1 0
5 3 5 0.29999999999999999 -395 0.24839 1 0
5 4 5 0.44999999999999996 -432 0.24174999999999999 1 0
5 5 5 0.59999999999999998 -375 0.25213999999999998 1 0
5 6 5 0.75 -382 0.23824000000000001 1 0
5 7 5 0.89999999999999991 -363 0.25646000000000002 1 0
5 8 5 1.05 -374 0.25355 1 0
5 9 5 1.2 -372 0.23679 1 0
5 10 5 1.3499999999999999 -366 0.24407999999999999 1 0
5 11 5 1.5 -378 0.23802999999999999 1 0
5 12 5 1.6499999999999999 -340 0.23053999999999999 1 0
5 13 5 1.7999999999999998 -365 0.23530000000000001 1 0
5 14 5 1.95 -371 0.25323000000000001 1 0
5 15 5 2.1000000000000001 -355 0.24773999999999999 1 0
5 16 5 2.25 -372 0.24867 1 0
5 17 5 2.3999999999999999 -359 0.24593000000000001 1 0
5 18 5 2.5499999999999998 -360 0.25076999999999999 1 0
5 19 5 2.7000000000000002 -369 0.251 1 0
5 20 5 2.8500000000000001 -369 0.24610000000000001 1 0
5 21 5 3 -352 0.24922 1 0
5 22 5 3.1500000000000004 -366 0.24994 1 0
5 23 5 3.2999999999999998 -335 0.25189 1 0
5 24 5 3.4500000000000002 -362 0.24404999999999999 1 0
5 25 5 3.6000000000000001 -355 0.24460000000000001 1 0
5 26 5 3.75 -351 0.24859999999999999 1 0
5 27 5 3.8999999999999999 -353 0.24052999999999999 1 0
5 28 5 4.0499999999999998 -386 0.26507999999999998 1 0
5 29 5 4.2000000000000002 -356 0.25845000000000001 1 0
5 30 5 4.3499999999999996 -379 0.23935999999999999 1 0
5 31 5 4.5 -365 0.23555000000000001 1 0
6 1 5.2000000000000002 0 -430 0.26402999999999999 1 0
6 2 5.2000000000000002 0.14999999999999999 -406 0.25281999999999999 1 0
6 3 5.2000000000000002 0.29999999999999999 -391 0.24706 1 0
6 4 5.2000000000000002 0.44999999999999996 -387 0.23755000000000001 1 0
6 5 5.2000000000000002 0.59999999999999998 -400 0.23841000000000001 1 0
6 6 5.2000000000000002 0.75 -388 0.24882000000000001 1 0
6 7 5.2000000000000002 0.89999999999999991 -375 0.24803 1 0
6 8 5.2000000000000002 1.05 -360 0.24168000000000001 1 0
6 9 5.2000000000000002 1.2 -353 0.25790999999999997 1 0
6 10 5.2000000000000002 1.3499999999999999 -355 0.24184 1 0
6 11 5.2000000000000002 1.5 -376 0.23672000000000001 1 0
6 12 5.2000000000000002 1.6499999999999999 -343 0.24861 1 0
6 13 5.2000000000000002 1.7999999999999998 -372 0.25241000000000002 1 0
6 14 5.2000000000000002 1.95 -350 0.22969999999999999 1 0
6 15 5.2000000000000002 2.1000000000000001 -363 0.24489 1 0
6 16 5.2000000000000002 2.25 -361 0.25102000000000002 1 0
6 17 5.2000000000000002 2.3999999999999999 -347 0.24204000000000001 1 0
6 18 5.2000000000000002 2.5499999999999998 -345 0.23346 1 0
6 19 5.2000000000000002 2.7000000000000002 -338 0.23208000000000001 1 0
6 20 5.2000000000000002 2.8500000000000001 -384 0.22433 1 0
6 21 5.2000000000000002 3 -346 0.23344000000000001 1 0
6 22 5.2000000000000002 3.1500000000000004 -364 0.24113000000000001 1 0
6 23 5.2000000000000002 3.2999999999999998 -349 0.24041999999999999 1 0
6 24 5.2000000000000002 3.4500000000000002 -389 0.23633000000000001 1 0
6 25 5.2000000000000002 3.6000000000000001 -380 0.23122999999999999 1 0
6 26 5.2000000000000002 3.75 -367 0.22950999999999999 1 0
6 27 5.2000000000000002 3.8999999999999999 -358 0.23561000000000001 1 0
6 28 5.2000000000000002 4.0499999999999998 -367 0.23616000000000001 1 0
6 29 5.2000000000000002 4.2000000000000002 -362 0.23438000000000001 1 0
6 30 5.2000000000000002 4.3499999999999996 -369 0.23283999999999999 1 0
6 31 5.2000000000000002 4.5 -348 0.23246 1 0
7 1 5.4000000000000004 0 -388 0.24611 1 0
7 2 5.4000000000000004 0.14999999999999999 -384 0.24235000000000001 1 0
7 3 5.4000000000000004 0.29999999999999999 -399 0.24228 1 0
7 4 5.4000000000000004 0.44999999999999996 -386 0.23480999999999999 1 0
7 5 5.4000000000000004 0.59999999999999998 -373 0.22727 1 0
7 6 5.4000000000000004 0.75 -390 0.24113000000000001 1 0
7 7 5.4000000000000004 0.89999999999999991 -389 0.23694000000000001 1 0
7 8 5.4000000000000004 1.05 -383 0.22650000000000001 1 0
7 9 5.4000000000000004 1.2 -367 0.24432999999999999 1 0
7 10 5.4000000000000004 1.3499999999999999 -355 0.23608000000000001 1 0
7 11 5.4000000000000004 1.5 -361 0.23569000000000001 1 0
7 12 5.4000000000000004 1.6499999999999999 -369 0.24231 1 0
7 13 5.4000000000000004 1.7999999999999998 -355 0.21886 1 0
7 14 5.4000000000000004 1.95 -383 0.23857999999999999 1 0
7 15 5.4000000000000004 2.1000000000000001 -356 0.23563000000000001 1 0
7 16 5.4000000000000004 2.25 -366 0.21676999999999999 1 0
7 17 5.4000000000000004 2.3999999999999999 -361 0.23055 1 0
7 18 5.4000000000000004 2.5499999999999998 -374 0.23726 1 0
7 19 5.4000000000000004 2.7000000000000002 -372 0.23128000000000001 1 0
7 20 5.4000000000000004 2.8500000000000001 -358 0.24346999999999999 1 0
7 21 5.4000000000000004 3 -370 0.23658000000000001 1 0
7 22 5.4000000000000004 3.1500000000000004 -342 0.24937000000000001 1 0
7 23 5.4000000000000004 3.2999999999999998 -368 0.22367000000000001 1 0
7 24 5.4000000000000004 3.4500000000000002 -359 0.23014999999999999 1 0
7 25 5.4000000000000004 3.6000000000000001 -356 0.23233000000000001 1 0
7 26 5.4000000000000004 3.75 -357 0.23677000000000001 1 0
7 27 5.4000000000000004 3.8999999999999999 -365 0.23424 1 0
7 28 5.4000000000000004 4.0499999999999998 -370 0.25241999999999998 1 0
7 29 5.4000000000000004 4.2000000000000002 -340 0.22014 1 0
7 30 5.4000000000000004 4.3499999999999996 -363 0.24798000000000001 1 0
7 31 5.4000000000000004 4.5 -351 0.22872000000000001 1 0
8 1 5.5999999999999996 0 -403 0.23727999999999999 1 0
8 2 5.5999999999999996 0.14999999999999999 -388 0.24518000000000001 1 0
8 3 5.5999999999999996 0.29999999999999999 -383 0.24101 1 0
8 4 5.5999999999999996 0.44999999999999996 -394 0.25026999999999999 1 0
8 5 5.5999999999999996 0.59999999999999998 -364 0.23672000000000001 1 0
8 6 5.5999999999999996 0.75 -360 0.23746999999999999 1 0
8 7 5.5999999999999996 0.89999999999999991 -402 0.24413000000000001 1 0
8 8 5.5999999999999996 1.05 -364 0.23007 1 0
8 9 5.5999999999999996 1.2 -375 0.23108000000000001 1 0
8 10 5.5999999999999996 1.3499999999999999 -406 0.22672999999999999 1 0
8 11 5.5999999999999996 1.5 -355 0.22561999999999999 1 0
8 12 5.5999999999999996 1.6499999999999999 -375 0.25903999999999999 1 0
8 13 5.5999999999999996 1.7999999999999998 -357 0.21967999999999999 1 0
8 14 5.5999999999999996 1.95 -359 0.23497999999999999 1 0
8 15 5.5999999999999996 2.1000000000000001 -354 0.22819 1 0
8 16 5.5999999999999996 2.25 -358 0.24184 1 0
8 17 5.5999999999999996 2.3999999999999999 -393 0.25226999999999999 1 0
8 18 5.5999999999999996 2.5499999999999998 -388 0.22722999999999999 1 0
8 19 5.5999999999999996 2.7000000000000002 -392 0.24679999999999999 1 0
8 20 5.5999999999999996 2.8500000000000001 -347 0.23283999999999999 1 0
8 21 5.5999999999999996 3 -376 0.23008999999999999 1 0
8 22 5.5999999999999996 3.1500000000000004 -370 0.23729 1 0
8 23 5.5999999999999996 3.2999999999999998 -359 0.23077 1 0
8 24 5.5999999999999996 3.4500000000000002 -350 0.22819 1 0
8 25 5.5999999999999996 3.6000000000000001 -368 0.22317999999999999 1 0
8 26 5.5999999999999996 3.75 -347 0.22808 1 0
8 27 5.5999999999999996 3.8999999999999999 -387 0.22856000000000001 1 0
8 28 5.5999999999999996 4.0499999999999998 -382 0.22075 1 0
8 29 5.5999999999999996 4.2000000000000002 -342 0.23507 1 0
8 30 5.5999999999999996 4.3499999999999996 -349 0.22187999999999999 1 0
8 31 5.5999999999999996 4.5 -335 0.22992000000000001 1 0
9 1 5.7999999999999998 0 -388 0.25768000000000002 1 0
9 2 5.7999999999999998 0.14999999999999999 -379 0.22187000000000001 1 0
9 3 5.7999999999999998 0.29999999999999999 -381 0.23194999999999999 1 0
9 4 5.7999999999999998 0.44999999999999996 -420 0.23893 1 0
9 5 5.7999999999999998 0.59999999999999998 -356 0.23873 1 0
9 6 5.7999999999999998 0.75 -386 0.23091 1 0
9 7 5.7999999999999998 0.89999999999999991 -327 0.23197000000000001 1 0
9 8 5.7999999999999998 1.05 -359 0.22384000000000001 1 0
9 9 5.7999999999999998 1.2 -362 0.23893 1 0
9 10 5.7999999999999998 1.3499999999999999 -375 0.20982000000000001 1 0
9 11 5.7999999999999998 1.5 -381 0.22916 1 0
9 12 5.7999999999999998 1.6499999999999999 -348 0.23224 1 0
9 13 5.7999999999999998 1.7999999999999998 -385 0.22128999999999999 1 0
9 14 5.7999999999999998 1.95 -352 0.22325999999999999 1 0
9 15 5.7999999999999998 2.1000000000000001 -382 0.23032 1 0
9 16 5.7999999999999998 2.25 -345 0.22674 1 0
9 17 5.7999999999999998 2.3999999999999999 -361 0.24335000000000001 1 0
9 18 5.7999999999999998 2.5499999999999998 -343 0.23094999999999999 1 0
9 19 5.7999999999999998 2.7000000000000002 -337 0.20826 1 0
9 20 5.7999999999999998 2.8500000000000001 -367 0.23330999999999999 1 0
9 21 5.7999999999999998 3 -350 0.23236999999999999 1 0
9 22 5.7999999999999998 3.1500000000000004 -361 0.22946 1 0
9 23 5.7999999999999998 3.2999999999999998 -341 0.22020999999999999 1 0
9 24 5.7999999999999998 3.4500000000000002 -357 0.22511999999999999 1 0
9 25 5.7999999999999998 3.6000000000000001 -344 0.21672 1 0
9 26 5.7999999999999998 3.75 -404 0.23055 1 0
9 27 5.7999999999999998 3.8999999999999999 -361 0.21035999999999999 1 0
9 28 5.7999999999999998 4.0499999999999998 -358 0.21756 1 0
9 29 5.7999999999999998 4.2000000000000002 -345 0.21890999999999999 1 0
9 30 5.7999999999999998 4.3499999999999996 -370 0.21728 1 0
9 31 5.7999999999999998 4.5 -383 0.23732 1 0
10 1 6 0 -390 0.24106 1 0
10 2 6 0.14999999999999999 -431 0.23799000000000001 1 0
10 3 6 0.29999999999999999 -369 0.23164999999999999 1 0
10 4 6 0.44999999999999996 -419 0.24607999999999999 1 0
10 5 6 0.59999999999999998 -345 0.23272999999999999 1 0
10 6 6 0.75 -364 0.22475000000000001 1 0
10 7 6 0.89999999999999991 -374 0.22892999999999999 1 0
10 8 6 1.05 -352 0.21623000000000001 1 0
10 9 6 1.2 -365 0.22592999999999999 1 0
10 10 6 1.3499999999999999 -390 0.24296999999999999 1 0
10 11 6 1.5 -353 0.24423 1 0
10 12 6 1.6499999999999999 -374 0.23496 1 0
10 13 6 1.7999999999999998 -356 0.22817999999999999 1 0
10 14 6 1.95 -357 0.23066 1 0
10 15 6 2.1000000000000001 -361 0.21324000000000001 1 0
10 16 6 2.25 -364 0.23461000000000001 1 0
10 17 6 2.3999999999999999 -329 0.21740000000000001 1 0
10 18 6 2.5499999999999998 -360 0.22298999999999999 1 0
10 19 6 2.7000000000000002 -356 0.23386000000000001 1 0
10 20 6 2.8500000000000001 -353 0.22581999999999999 1 0
10 21 6 3 -364 0.2324 1 0
10 22 6 3.1500000000000004 -351 0.23064999999999999 1 0
10 23 6 3.2999999999999998 -390 0.21861 1 0
10 24 6 3.4500000000000002 -359 0.23028999999999999 1 0
10 25 6 3.6000000000000001 -375 0.22397 1 0
10 26 6 3.75 -340 0.22597999999999999 1 0
10 27 6 3.8999999999999999 -360 0.21984000000000001 1 0
10 28 6 4.0499999999999998 -355 0.22145999999999999 1 0
10 29 6 4.2000000000000002 -384 0.21955 1 0
10 30 6 4.3499999999999996 -366 0.23171 1 0
10 31 6 4.5 NaN NaN 0 2000
