# ib is beta sdel E_final accept_rate ok exit_code
1 1 0 0 -16 1 1 0
1 2 0 0.14999999999999999 -18 1 1 0
1 3 0 0.29999999999999999 -17 1 1 0
1 4 0 0.44999999999999996 -9 1 1 0
1 5 0 0.59999999999999998 -19 1 1 0
1 6 0 0.75 -16 1 1 0
1 7 0 0.89999999999999991 -17 1 1 0
1 8 0 1.05 -18 1 1 0
1 9 0 1.2 -11 1 1 0
1 10 0 1.3499999999999999 -18 1 1 0
1 11 0 1.5 -11 1 1 0
1 12 0 1.6499999999999999 -15 1 1 0
1 13 0 1.7999999999999998 -12 1 1 0
1 14 0 1.95 -25 1 1 0
1 15 0 2.1000000000000001 -18 1 1 0
1 16 0 2.25 -12 1 1 0
1 17 0 2.3999999999999999 -14 1 1 0
1 18 0 2.5499999999999998 -13 1 1 0
1 19 0 2.7000000000000002 -7 1 1 0
1 20 0 2.8500000000000001 -12 1 1 0
1 21 0 3 -16 1 1 0
1 22 0 3.1500000000000004 -19 1 1 0
1 23 0 3.2999999999999998 -17 1 1 0
1 24 0 3.4500000000000002 -15 1 1 0
1 25 0 3.6000000000000001 -13 1 1 0
1 26 0 3.75 -19 1 1 0
1 27 0 3.8999999999999999 -16 1 1 0
1 28 0 4.0499999999999998 -21 1 1 0
1 29 0 4.2000000000000002 -12 1 1 0
1 30 0 4.3499999999999996 -18 1 1 0
1 31 0 4.5 -12 1 1 0
2 1 0.20000000000000001 0 -18 0.97838000000000003 1 0
2 2 0.20000000000000001 0.14999999999999999 -16 0.98082000000000003 1 0
2 3 0.20000000000000001 0.29999999999999999 -7 0.97789999999999999 1 0
2 4 0.20000000000000001 0.44999999999999996 -23 0.97863 1 0
2 5 0.20000000000000001 0.59999999999999998 -16 0.98006000000000004 1 0
2 6 0.20000000000000001 0.75 -21 0.97907 1 0
2 7 0.20000000000000001 0.89999999999999991 -26 0.97806999999999999 1 0
2 8 0.20000000000000001 1.05 -13 0.97924 1 0
2 9 0.20000000000000001 1.2 -25 0.97823000000000004 1 0
2 10 0.20000000000000001 1.3499999999999999 -16 0.97896000000000005 1 0
2 11 0.20000000000000001 1.5 -17 0.97843999999999998 1 0
2 12 0.20000000000000001 1.6499999999999999 -15 0.97748999999999997 1 0
2 13 0.20000000000000001 1.7999999999999998 -15 0.97762000000000004 1 0
2 14 0.20000000000000001 1.95 -30 0.97867999999999999 1 0
2 15 0.20000000000000001 2.1000000000000001 -21 0.98104000000000002 1 0
2 16 0.20000000000000001 2.25 -23 0.97929999999999995 1 0
2 17 0.20000000000000001 2.3999999999999999 -22 0.98038999999999998 1 0
2 18 0.20000000000000001 2.5499999999999998 -10 0.97931999999999997 1 0
2 19 0.20000000000000001 2.7000000000000002 -24 0.97835000000000005 1 0
2 20 0.20000000000000001 2.8500000000000001 -18 0.97836000000000001 1 0
2 21 0.20000000000000001 3 -21 0.97706000000000004 1 0
2 22 0.20000000000000001 3.1500000000000004 -11 0.97816999999999998 1 0
2 23 0.20000000000000001 3.2999999999999998 -20 0.97748999999999997 1 0
2 24 0.20000000000000001 3.4500000000000002 -13 0.97846 1 0
2 25 0.20000000000000001 3.6000000000000001 -9 0.98016000000000003 1 0
2 26 0.20000000000000001 3.75 -19 0.97765999999999997 1 0
2 27 0.20000000000000001 3.8999999999999999 -18 0.97924 1 0
2 28 0.20000000000000001 4.0499999999999998 -20 0.97819 1 0
2 29 0.20000000000000001 4.2000000000000002 -17 0.97851999999999995 1 0
2 30 0.20000000000000001 4.3499999999999996 -10 0.97848000000000002 1 0
2 31 0.20000000000000001 4.5 NaN NaN 0 2000
3 1 0.40000000000000002 0 -23 0.95484999999999998 1 0
3 2 0.40000000000000002 0.14999999999999999 -22 0.95309999999999995 1 0
3 3 0.40000000000000002 0.29999999999999999 -27 0.95340000000000003 1 0
3 4 0.40000000000000002 0.44999999999999996 -12 0.95477999999999996 1 0
3 5 0.40000000000000002 0.59999999999999998 -29 0.95304 1 0
3 6 0.40000000000000002 0.75 -34 0.95137000000000005 1 0
3 7 0.40000000000000002 0.89999999999999991 -16 0.95343 1 0
3 8 0.40000000000000002 1.05 -27 0.95567999999999997 1 0
3 9 0.40000000000000002 1.2 -30 0.95482 1 0
3 10 0.40000000000000002 1.3499999999999999 -20 0.95294000000000001 1 0
3 11 0.40000000000000002 1.5 -23 0.95416000000000001 1 0
3 12 0.40000000000000002 1.6499999999999999 -22 0.95423999999999998 1 0
3 13 0.40000000000000002 1.7999999999999998 -23 0.95569000000000004 1 0
3 14 0.40000000000000002 1.95 -30 0.95186000000000004 1 0
3 15 0.40000000000000002 2.1000000000000001 -18 0.95487999999999995 1 0
3 16 0.40000000000000002 2.25 -24 0.95387 1 0
3 17 0.40000000000000002 2.3999999999999999 -22 0.95313999999999999 1 0
3 18 0.40000000000000002 2.5499999999999998 -26 0.95669999999999999 1 0
3 19 0.40000000000000002 2.7000000000000002 -30 0.95284999999999997 1 0
3 20 0.40000000000000002 2.8500000000000001 -24 0.95055000000000001 1 0
3 21 0.40000000000000002 3 -36 0.95125999999999999 1 0
3 22 0.40000000000000002 3.1500000000000004 -21 0.95487 1 0
3 23 0.40000000000000002 3.2999999999999998 -20 0.95323999999999998 1 0
3 24 0.40000000000000002 3.4500000000000002 -21 0.95126999999999995 1 0
3 25 0.40000000000000002 3.6000000000000001 -29 0.9546 1 0
3 26 0.40000000000000002 3.75 -23 0.95494999999999997 1 0
3 27 0.40000000000000002 3.8999999999999999 -27 0.95193000000000005 1 0
3 28 0.40000000000000002 4.0499999999999998 -18 0.95279000000000003 1 0
3 29 0.40000000000000002 4.2000000000000002 -23 0.95650999999999997 1 0
3 30 0.40000000000000002 4.3499999999999996 -19 0.95240999999999998 1 0
3 31 0.40000000000000002 4.5 -17 0.95113000000000003 1 0
4 1 0.60000000000000009 0 -15 0.92154999999999998 1 0
4 2 0.60000000000000009 0.14999999999999999 -24 0.92566999999999999 1 0
4 3 0.60000000000000009 0.29999999999999999 -30 0.92171999999999998 1 0
4 4 0.60000000000000009 0.44999999999999996 -21 0.92388000000000003 1 0
4 5 0.60000000000000009 0.59999999999999998 -28 0.92732999999999999 1 0
4 6 0.60000000000000009 0.75 -32 0.92264999999999997 1 0
4 7 0.60000000000000009 0.89999999999999991 -30 0.92115999999999998 1 0
4 8 0.60000000000000009 1.05 -29 0.91996 1 0
4 9 0.60000000000000009 1.2 -21 0.92327999999999999 1 0
4 10 0.60000000000000009 1.3499999999999999 -27 0.91705000000000003 1 0
4 11 0.60000000000000009 1.5 -17 0.92495000000000005 1 0
4 12 0.60000000000000009 1.6499999999999999 -33 0.92147000000000001 1 0
4 13 0.60000000000000009 1.7999999999999998 -33 0.92408999999999997 1 0
4 14 0.60000000000000009 1.95 -23 0.92132000000000003 1 0
4 15 0.60000000000000009 2.1000000000000001 -25 0.92217000000000005 1 0
4 16 0.60000000000000009 2.25 -19 0.92371000000000003 1 0
4 17 0.60000000000000009 2.3999999999999999 -27 0.92617000000000005 1 0
4 18 0.60000000000000009 2.5499999999999998 -27 0.92225000000000001 1 0
4 19 0.60000000000000009 2.7000000000000002 -25 0.92432000000000003 1 0
4 20 0.60000000000000009 2.8500000000000001 -32 0.92342999999999997 1 0
4 21 0.60000000000000009 3 -27 0.92186000000000001 1 0
4 22 0.60000000000000009 3.1500000000000004 -26 0.92805000000000004 1 0
4 23 0.60000000000000009 3.2999999999999998 -27 0.9244 1 0
4 24 0.60000000000000009 3.4500000000000002 -36 0.91730999999999996 1 0
4 25 0.60000000000000009 3.6000000000000001 -31 0.92801 1 0
4 26 0.60000000000000009 3.75 -19 0.92617000000000005 1 0
4 27 0.60000000000000009 3.8999999999999999 -25 0.92245999999999995 1 0
4 28 0.60000000000000009 4.0499999999999998 -23 0.92398999999999998 1 0
4 29 0.60000000000000009 4.2000000000000002 -19 0.92164999999999997 1 0
4 30 0.60000000000000009 4.3499999999999996 -28 0.92462 1 0
4 31 0.60000000000000009 4.5 -15 0.92352000000000001 1 0
5 1 0.80000000000000004 0 -29 0.88920999999999994 1 0
5 2 0.80000000000000004 0.14999999999999999 -28 0.88219000000000003 1 0
5 3 0.80000000000000004 0.29999999999999999 -37 0.89297000000000004 1 0
5 4 0.80000000000000004 0.44999999999999996 -44 0.88775000000000004 1 0
5 5 0.80000000000000004 0.59999999999999998 -22 0.89198999999999995 1 0
5 6 0.80000000000000004 0.75 -17 0.88698999999999995 1 0
5 7 0.80000000000000004 0.89999999999999991 -34 0.88692000000000004 1 0
5 8 0.80000000000000004 1.05 -32 0.89803999999999995 1 0
5 9 0.80000000000000004 1.2 -34 0.89315999999999995 1 0
5 10 0.80000000000000004 1.3499999999999999 -42 0.89339000000000002 1 0
5 11 0.80000000000000004 1.5 -32 0.89305999999999996 1 0
5 12 0.80000000000000004 1.6499999999999999 -31 0.89114000000000004 1 0
5 13 0.80000000000000004 1.7999999999999998 -31 0.89634999999999998 1 0
5 14 0.80000000000000004 1.95 -51 0.88863000000000003 1 0
5 15 0.80000000000000004 2.1000000000000001 -37 0.89156999999999997 1 0
5 16 0.80000000000000004 2.25 -22 0.88087000000000004 1 0
5 17 0.80000000000000004 2.3999999999999999 -29 0.88788 1 0
5 18 0.80000000000000004 2.5499999999999998 -30 0.89126000000000005 1 0
5 19 0.80000000000000004 2.7000000000000002 -27 0.89537999999999995 1 0
5 20 0.80000000000000004 2.8500000000000001 -38 0.88900999999999997 1 0
5 21 0.80000000000000004 3 -46 0.88041000000000003 1 0
5 22 0.80000000000000004 3.1500000000000004 -30 0.88995000000000002 1 0
5 23 0.80000000000000004 3.2999999999999998 -40 0.89471999999999996 1 0
5 24 0.80000000000000004 3.4500000000000002 -28 0.89449000000000001 1 0
5 25 0.80000000000000004 3.6000000000000001 -33 0.88234000000000001 1 0
5 26 0.80000000000000004 3.75 -36 0.89226000000000005 1 0
5 27 0.80000000000000004 3.8999999999999999 -32 0.88595999999999997 1 0
5 28 0.80000000000000004 4.0499999999999998 -33 0.89642999999999995 1 0
5 29 0.80000000000000004 4.2000000000000002 -39 0.89551999999999998 1 0
5 30 0.80000000000000004 4.3499999999999996 -33 0.88973000000000002 1 0
5 31 0.80000000000000004 4.5 -47 0.88593999999999995 1 0
6 1 1 0 -44 0.85165000000000002 1 0
6 2 1 0.14999999999999999 -56 0.84079000000000004 1 0
6 3 1 0.29999999999999999 -46 0.84380999999999995 1 0
6 4 1 0.44999999999999996 -37 0.84594999999999998 1 0
6 5 1 0.59999999999999998 -49 0.85116999999999998 1 0
6 6 1 0.75 -39 0.85558000000000001 1 0
6 7 1 0.89999999999999991 -43 0.84545000000000003 1 0
6 8 1 1.05 -41 0.84919 1 0
6 9 1 1.2 -40 0.86680000000000001 1 0
6 10 1 1.3499999999999999 -42 0.84774000000000005 1 0
6 11 1 1.5 -54 0.84702999999999995 1 0
6 12 1 1.6499999999999999 -44 0.85157000000000005 1 0
6 13 1 1.7999999999999998 -49 0.84021999999999997 1 0
6 14 1 1.95 -48 0.85053999999999996 1 0
6 15 1 2.1000000000000001 -37 0.85643999999999998 1 0
6 16 1 2.25 -57 0.85126000000000002 1 0
6 17 1 2.3999999999999999 -40 0.84982999999999997 1 0
6 18 1 2.5499999999999998 -44 0.84989000000000003 1 0
6 19 1 2.7000000000000002 -34 0.84774000000000005 1 0
6 20 1 2.8500000000000001 -40 0.83392999999999995 1 0
6 21 1 3 -42 0.85768999999999995 1 0
6 22 1 3.1500000000000004 -49 0.84630000000000005 1 0
6 23 1 3.2999999999999998 -36 0.84570999999999996 1 0
6 24 1 3.4500000000000002 -40 0.85041999999999995 1 0
6 25 1 3.6000000000000001 -33 0.84150999999999998 1 0
6 26 1 3.75 -35 0.85331999999999997 1 0
6 27 1 3.8999999999999999 -46 0.84865999999999997 1 0
6 28 1 4.0499999999999998 -44 0.85160000000000002 1 0
6 29 1 4.2000000000000002 -52 0.85126999999999997 1 0
6 30 1 4.3499999999999996 -38 0.85653000000000001 1 0
6 31 1 4.5 -39 0.84633000000000003 1 0
7 1 1.2 0 -45 0.81064999999999998 1 0
7 2 1.2 0.14999999999999999 -53 0.80884999999999996 1 0
7 3 1.2 0.29999999999999999 -53 0.80037000000000003 1 0
7 4 1.2 0.44999999999999996 -48 0.80533999999999994 1 0
7 5 1.2 0.59999999999999998 -59 0.79783000000000004 1 0
7 6 1.2 0.75 -47 0.80854000000000004 1 0
7 7 1.2 0.89999999999999991 -35 0.81888000000000005 1 0
7 8 1.2 1.05 -60 0.79928999999999994 1 0
7 9 1.2 1.2 -43 0.79942000000000002 1 0
7 10 1.2 1.3499999999999999 -51 0.79495000000000005 1 0
7 11 1.2 1.5 -37 0.80986999999999998 1 0
7 12 1.2 1.6499999999999999 -47 0.82138999999999995 1 0
7 13 1.2 1.7999999999999998 -50 0.79503999999999997 1 0
7 14 1.2 1.95 -43 0.81457000000000002 1 0
7 15 1.2 2.1000000000000001 -64 0.81513000000000002 1 0
7 16 1.2 2.25 -39 0.80789999999999995 1 0
7 17 1.2 2.3999999999999999 -58 0.80022000000000004 1 0
7 18 1.2 2.5499999999999998 -53 0.79307000000000005 1 0
7 19 1.2 2.7000000000000002 -58 0.81942000000000004 1 0
7 20 1.2 2.8500000000000001 -44 0.81930000000000003 1 0
7 21 1.2 3 -52 0.79876000000000003 1 0
7 22 1.2 3.1500000000000004 -49 0.82060999999999995 1 0
7 23 1.2 3.2999999999999998 -45 0.79596 1 0
7 24 1.2 3.4500000000000002 -60 0.79569999999999996 1 0
7 25 1.2 3.6000000000000001 -54 0.80362999999999996 1 0
7 26 1.2 3.75 -51 0.81003999999999998 1 0
7 27 1.2 3.8999999999999999 -41 0.81399999999999995 1 0
7 28 1.2 4.0499999999999998 -47 0.79649000000000003 1 0
7 29 1.2 4.2000000000000002 -46 0.80467999999999995 1 0
7 30 1.2 4.3499999999999996 -63 0.79900000000000004 1 0
7 31 1.2 4.5 -52 0.79478000000000004 1 0
8 1 1.3999999999999999 0 -60 0.75660000000000005 1 0
8 2 1.3999999999999999 0.14999999999999999 -105 0.75665000000000004 1 0
8 3 1.3999999999999999 0.29999999999999999 -74 0.74955000000000005 1 0
8 4 1.3999999999999999 0.44999999999999996 -65 0.74443999999999999 1 0
8 5 1.3999999999999999 0.59999999999999998 -66 0.75965000000000005 1 0
8 6 1.3999999999999999 0.75 -72 0.74197999999999997 1 0
8 7 1.3999999999999999 0.89999999999999991 -63 0.75087999999999999 1 0
8 8 1.3999999999999999 1.05 -59 0.75892999999999999 1 0
8 9 1.3999999999999999 1.2 -72 0.75512999999999997 1 0
8 10 1.3999999999999999 1.3499999999999999 -53 0.73746999999999996 1 0
8 11 1.3999999999999999 1.5 -71 0.75380000000000003 1 0
8 12 1.3999999999999999 1.6499999999999999 -58 0.74307999999999996 1 0
8 13 1.3999999999999999 1.7999999999999998 -67 0.73853999999999997 1 0
8 14 1.3999999999999999 1.95 -69 0.75688 1 0
8 15 1.3999999999999999 2.1000000000000001 -86 0.75268999999999997 1 0
8 16 1.3999999999999999 2.25 -73 0.76388 1 0
8 17 1.3999999999999999 2.3999999999999999 -69 0.76368000000000003 1 0
8 18 1.3999999999999999 2.5499999999999998 -80 0.75309999999999999 1 0
8 19 1.3999999999999999 2.7000000000000002 -55 0.75463999999999998 1 0
8 20 1.3999999999999999 2.8500000000000001 -85 0.75410999999999995 1 0
8 21 1.3999999999999999 3 -62 0.76970000000000005 1 0
8 22 1.3999999999999999 3.1500000000000004 -77 0.74921000000000004 1 0
8 23 1.3999999999999999 3.2999999999999998 -64 0.75388999999999995 1 0
8 24 1.3999999999999999 3.4500000000000002 -56 0.75292000000000003 1 0
8 25 1.3999999999999999 3.6000000000000001 -78 0.74180000000000001 1 0
8 26 1.3999999999999999 3.75 -70 0.76280999999999999 1 0
8 27 1.3999999999999999 3.8999999999999999 -77 0.75922000000000001 1 0
8 28 1.3999999999999999 4.0499999999999998 -69 0.74489000000000005 1 0
8 29 1.3999999999999999 4.2000000000000002 -61 0.74880999999999998 1 0
8 30 1.3999999999999999 4.3499999999999996 -49 0.75831000000000004 1 0
8 31 1.3999999999999999 4.5 -60 0.74534999999999996 1 0
9 1 1.6000000000000001 0 -88 0.69262999999999997 1 0
9 2 1.6000000000000001 0.14999999999999999 -96 0.69450000000000001 1 0
9 3 1.6000000000000001 0.29999999999999999 -145 0.67467999999999995 1 0
9 4 1.6000000000000001 0.44999999999999996 -138 0.70289000000000001 1 0
9 5 1.6000000000000001 0.59999999999999998 -130 0.69737000000000005 1 0
9 6 1.6000000000000001 0.75 -92 0.69198000000000004 1 0
9 7 1.6000000000000001 0.89999999999999991 -94 0.69777999999999996 1 0
9 8 1.6000000000000001 1.05 -95 0.69689000000000001 1 0
9 9 1.6000000000000001 1.2 -95 0.67898000000000003 1 0
9 10 1.6000000000000001 1.3499999999999999 -104 0.68393000000000004 1 0
9 11 1.6000000000000001 1.5 -95 0.70142000000000004 1 0
9 12 1.6000000000000001 1.6499999999999999 -119 0.70316000000000001 1 0
9 13 1.6000000000000001 1.7999999999999998 -92 0.70992 1 0
9 14 1.6000000000000001 1.95 -122 0.67408000000000001 1 0
9 15 1.6000000000000001 2.1000000000000001 -81 0.70284000000000002 1 0
9 16 1.6000000000000001 2.25 -93 0.68194999999999995 1 0
9 17 1.6000000000000001 2.3999999999999999 -63 0.70879000000000003 1 0
9 18 1.6000000000000001 2.5499999999999998 -87 0.70716000000000001 1 0
9 19 1.6000000000000001 2.7000000000000002 -62 0.69943999999999995 1 0
9 20 1.6000000000000001 2.8500000000000001 -88 0.70147000000000004 1 0
9 21 1.6000000000000001 3 -103 0.68418999999999996 1 0
9 22 1.6000000000000001 3.1500000000000004 -65 0.70321999999999996 1 0
9 23 1.6000000000000001 3.2999999999999998 -84 0.70226 1 0
9 24 1.6000000000000001 3.4500000000000002 -134 0.67759999999999998 1 0
9 25 1.6000000000000001 3.6000000000000001 -106 0.68486000000000002 1 0
9 26 1.6000000000000001 3.75 -130 0.67286999999999997 1 0
9 27 1.6000000000000001 3.8999999999999999 -94 0.68598999999999999 1 0
9 28 1.6000000000000001 4.0499999999999998 -121 0.67635999999999996 1 0
9 29 1.6000000000000001 4.2000000000000002 -87 0.69943 1 0
9 30 1.6000000000000001 4.3499999999999996 -142 0.68615999999999999 1 0
9 31 1.6000000000000001 4.5 -89 0.69843999999999995 1 0
10 1 1.8 0 -162 0.61794000000000004 1 0
10 2 1.8 0.14999999999999999 -163 0.64027999999999996 1 0
10 3 1.8 0.29999999999999999 -151 0.63573999999999997 1 0
10 4 1.8 0.44999999999999996 -134 0.61048000000000002 1 0
10 5 1.8 0.59999999999999998 -153 0.64280999999999999 1 0
10 6 1.8 0.75 -184 0.64285000000000003 1 0
10 7 1.8 0.89999999999999991 -151 0.62905 1 0
10 8 1.8 1.05 -184 0.63541999999999998 1 0
10 9 1.8 1.2 -155 0.62992000000000004 1 0
10 10 1.8 1.3499999999999999 -167 0.61928000000000005 1 0
10 11 1.8 1.5 -164 0.62663999999999997 1 0
10 12 1.8 1.6499999999999999 -132 0.62344999999999995 1 0
10 13 1.8 1.7999999999999998 -147 0.64578999999999998 1 0
10 14 1.8 1.95 -153 0.64619000000000004 1 0
10 15 1.8 2.1000000000000001 -142 0.64004000000000005 1 0
10 16 1.8 2.25 -164 0.64163000000000003 1 0
10 17 1.8 2.3999999999999999 -169 0.64585000000000004 1 0
10 18 1.8 2.5499999999999998 -185 0.60002 1 0
10 19 1.8 2.7000000000000002 -128 0.62822999999999996 1 0
10 20 1.8 2.8500000000000001 -151 0.63556999999999997 1 0
10 21 1.8 3 -191 0.61399999999999999 1 0
10 22 1.8 3.1500000000000004 -137 0.63861999999999997 1 0
10 23 1.8 3.2999999999999998 -197 0.63353999999999999 1 0
10 24 1.8 3.4500000000000002 -179 0.62575999999999998 1 0
10 25 1.8 3.6000000000000001 -144 0.62904000000000004 1 0
10 26 1.8 3.75 -138 0.63153000000000004 1 0
10 27 1.8 3.8999999999999999 -166 0.62485000000000002 1 0
10 28 1.8 4.0499999999999998 -138 0.61609000000000003 1 0
10 29 1.8 4.2000000000000002 -139 0.62892000000000003 1 0
10 30 1.8 4.3499999999999996 -160 0.61639999999999995 1 0
10 31 1.8 4.5 NaN NaN 0 2000
11 1 2 0 -207 0.57589999999999997 1 0
11 2 2 0.14999999999999999 -219 0.56798999999999999 1 0
11 3 2 0.29999999999999999 -198 0.56240999999999997 1 0
11 4 2 0.44999999999999996 -218 0.56813000000000002 1 0
11 5 2 0.59999999999999998 -210 0.56835000000000002 1 0
11 6 2 0.75 -208 0.57845999999999997 1 0
11 7 2 0.89999999999999991 -190 0.56011999999999995 1 0
11 8 2 1.05 -201 0.57606000000000002 1 0
11 9 2 1.2 -233 0.55157999999999996 1 0
11 10 2 1.3499999999999999 -189 0.56067999999999996 1 0
11 11 2 1.5 -198 0.57955999999999996 1 0
11 12 2 1.6499999999999999 -246 0.56225999999999998 1 0
11 13 2 1.7999999999999998 -228 0.58048 1 0
11 14 2 1.95 -228 0.55606999999999995 1 0
11 15 2 2.1000000000000001 -220 0.57542000000000004 1 0
11 16 2 2.25 -198 0.56542000000000003 1 0
11 17 2 2.3999999999999999 -217 0.55901000000000001 1 0
11 18 2 2.5499999999999998 -188 0.58274999999999999 1 0
11 19 2 2.7000000000000002 -235 0.55572999999999995 1 0
11 20 2 2.8500000000000001 -168 0.57889000000000002 1 0
11 21 2 3 -209 0.54832000000000003 1 0
11 22 2 3.1500000000000004 -181 0.56479999999999997 1 0
11 23 2 3.2999999999999998 -186 0.59630000000000005 1 0
11 24 2 3.4500000000000002 -198 0.55647000000000002 1 0
11 25 2 3.6000000000000001 -218 0.56445000000000001 1 0
11 26 2 3.75 -213 0.56135000000000002 1 0
11 27 2 3.8999999999999999 -230 0.56940000000000002 1 0
11 28 2 4.0499999999999998 -203 0.58169999999999999 1 0
11 29 2 4.2000000000000002 -232 0.55628 1 0
11 30 2 4.3499999999999996 -190 0.57574999999999998 1 0
11 31 2 4.5 NaN NaN 0 2000
